# Source: GBD 2017

# Diagnosed, uncomplicated DM 
dw_uncomplicated <- 0.049 # 0.049 (0.031 - 0.072)

# Nephropathy
dw_nephropathy_stage5 <- 0.569 # 0.569 (0.389 - 0.727)
dw_nephropathy_stage4 <- 0.104 # 0.104 (0.070 - 0.147)
dw_nephropathy_stage3 <- 0.004 # 0.004 (0.001 - 0.008)

# Retinopathy
dw_retinopathy <- 0.184 # 0.184 (0.125 - 0.258)

# Distal symmetric neuropathy
dw_neuropathy <- 0.133 # 0.133 (0.089 - 0.187)

# Angina pectoris
dw_angina_mild <- 0.033 # 0.033 (0.020 - 0.052) 
dw_angina_moderate <- 0.080 # 0.080 (0.052 - 0.113)

# Peripheral vascular disease
dw_pvd <- 0.014 # 0.014 (0.007 - 0.025)

# Myocardial infarction
dw_mi <- 0.432 # 0.432 (0.288 - 0.579)

# Stroke
dw_stroke_level1 <- 0.019 # 0.019 (0.010 - 0.032)
dw_stroke_level2 <- 0.070 # 0.070 (0.046 - 0.099)
dw_stroke_level3 <- 0.316 # 0.316 (0.206 - 0.437)
dw_stroke_level4 <- 0.552 # 0.552 (0.377 - 0.707)
dw_stroke_level5 <- 0.588 # 0.588 (0.411 - 0.744)

# Heart failure
dw_failure_mild <- 0.041 # 0.041 (0.026 - 0.062)
dw_failure_moderate <- 0.072 # 0.072 (0.047 - 0.103)
dw_failure_severe <- 0.179 # 0.179 (0.122 - 0.251)
